# omega: 0.876
# luminosity: 40.124
# mass: 2.135
# Req: 2.818
# z resolution: 0.009950248756218971

# intensity(ergs/s/Hz/ster) 
# wavelength(nm)\inclination(rad) 	0.08683
9.09	 0.00000E+00
9.35	 0.00000E+00
9.61	 0.00000E+00
9.77	 0.00000E+00
9.96	 0.00000E+00
10.2	 0.00000E+00
10.38	 0.00000E+00
10.56	 0.00000E+00
10.77	 0.00000E+00
11.04	 0.00000E+00
11.4	 0.00000E+00
11.78	 0.00000E+00
12.13	 0.00000E+00
12.48	 0.00000E+00
12.71	 0.00000E+00
12.84	 0.00000E+00
13.05	 0.00000E+00
13.24	 0.00000E+00
13.39	 0.00000E+00
13.66	 0.00000E+00
13.98	 0.00000E+00
14.33	 0.00000E+00
14.72	 0.00000E+00
15.1	 0.00000E+00
15.52	 0.00000E+00
15.88	 0.00000E+00
16.2	 0.00000E+00
16.6	 0.00000E+00
17.03	 0.00000E+00
17.34	 0.00000E+00
17.68	 0.00000E+00
18.02	 0.00000E+00
18.17	 0.00000E+00
18.61	 0.00000E+00
19.1	 0.00000E+00
19.39	 0.00000E+00
19.84	 0.00000E+00
20.18	 0.00000E+00
20.5	 0.00000E+00
21.05	 0.00000E+00
21.62	 0.00000E+00
21.98	 0.00000E+00
22.3	 0.00000E+00
22.68	 0.00000E+00
23.0	 0.00000E+00
23.4	 0.00000E+00
24.0	 0.00000E+00
24.65	 0.00000E+00
25.24	 0.00000E+00
25.68	 0.00000E+00
26.0	 0.00000E+00
26.4	 0.00000E+00
26.85	 0.00000E+00
27.35	 0.00000E+00
27.85	 0.00000E+00
28.4	 0.00000E+00
29.0	 0.00000E+00
29.6	 0.00000E+00
30.1	 0.00000E+00
30.8	 0.00000E+00
31.8	 0.00000E+00
32.8	 0.00000E+00
33.8	 0.00000E+00
34.8	 0.00000E+00
35.7	 0.00000E+00
36.6	 0.00000E+00
37.5	 0.00000E+00
38.5	 0.00000E+00
39.5	 0.00000E+00
40.5	 0.00000E+00
41.4	 0.00000E+00
42.2	 0.00000E+00
43.0	 0.00000E+00
44.1	 0.00000E+00
45.1	 0.00000E+00
46.0	 0.00000E+00
47.0	 0.00000E+00
48.0	 0.00000E+00
49.0	 0.00000E+00
50.0	 0.00000E+00
50.6	 5.19831E+03
51.2	 9.27694E+03
52.0	 1.64211E+04
53.0	 3.29733E+04
54.0	 6.36721E+04
55.0	 1.22287E+05
56.0	 2.27834E+05
57.0	 4.15710E+05
58.0	 7.37471E+05
59.0	 1.30482E+06
60.0	 2.25075E+06
61.0	 3.82117E+06
62.0	 6.37825E+06
63.0	 1.04860E+07
64.0	 1.69689E+07
65.0	 2.71474E+07
65.8	 3.91122E+07
66.5	 5.34381E+07
67.5	 8.26801E+07
68.5	 1.26451E+08
69.5	 1.91043E+08
70.5	 2.85094E+08
71.6	 4.38482E+08
72.6	 6.41010E+08
73.5	 8.94460E+08
74.5	 1.28369E+09
75.5	 1.82596E+09
76.5	 2.57454E+09
77.5	 3.59787E+09
78.5	 4.99236E+09
79.5	 6.84703E+09
80.5	 9.36135E+09
81.5	 1.26959E+10
82.5	 1.70811E+10
83.5	 2.27905E+10
84.5	 3.02959E+10
85.5	 3.99646E+10
86.5	 5.23803E+10
87.5	 6.81811E+10
88.5	 8.83223E+10
89.5	 1.13772E+11
90.5	 1.45440E+11
91.5	 4.25374E+12
92.5	 2.62252E+13
93.5	 4.45971E+13
94.5	 7.94330E+13
95.5	 1.33255E+14
96.5	 1.82742E+14
97.5	 1.40102E+14
98.5	 4.17055E+14
99.5	 7.31912E+14
100.5	 9.63678E+14
101.5	 5.27200E+14
102.5	 2.50877E+14
103.5	 5.73831E+14
104.5	 1.53979E+15
105.5	 2.91856E+15
106.5	 3.14719E+15
107.5	 4.04210E+15
108.5	 3.97010E+15
109.5	 4.48575E+15
110.5	 1.28056E+17
111.5	 2.51777E+17
112.5	 3.11901E+17
113.5	 3.24206E+17
114.5	 2.80571E+17
115.5	 3.10095E+17
116.5	 3.14941E+17
117.5	 2.27549E+17
118.5	 1.20341E+17
119.5	 6.90386E+15
120.5	 4.34707E+15
121.5	 1.14105E+15
122.5	 4.46832E+15
123.5	 3.29277E+16
124.5	 2.47630E+17
125.5	 5.17507E+17
126.5	 3.70700E+17
127.5	 1.25286E+18
128.5	 1.81444E+18
129.5	 1.83142E+18
130.5	 1.30721E+18
131.5	 2.16621E+18
132.5	 2.42813E+18
133.5	 2.21545E+18
134.5	 2.90359E+18
135.5	 2.76799E+18
136.5	 2.48910E+18
137.5	 2.93885E+18
138.5	 2.96980E+18
139.5	 3.24777E+18
140.5	 3.24988E+18
141.5	 2.97143E+18
142.5	 3.30157E+18
143.5	 3.01360E+18
144.2	 3.43041E+18
144.7	 3.81871E+18
145.5	 3.75826E+18
146.5	 3.39418E+18
147.5	 3.28810E+18
148.5	 3.59291E+18
149.5	 3.91629E+18
150.5	 4.01442E+18
151.2	 3.60522E+18
151.7	 3.98134E+18
152.5	 3.41459E+18
153.5	 3.03630E+18
154.5	 4.06340E+18
155.5	 3.63571E+18
156.5	 3.37044E+18
157.5	 3.78110E+18
158.5	 4.16490E+18
159.5	 4.50688E+18
160.5	 4.24053E+18
161.5	 4.22184E+18
162.5	 3.80384E+18
163.5	 4.12834E+18
164.5	 4.39744E+18
165.5	 3.59493E+18
166.5	 4.40129E+18
167.2	 3.16873E+18
167.7	 4.27686E+18
168.5	 4.81060E+18
169.5	 4.41811E+18
170.5	 4.23462E+18
171.5	 4.23383E+18
172.5	 4.21338E+18
173.5	 4.55353E+18
174.5	 4.50172E+18
175.5	 5.04564E+18
176.5	 4.28924E+18
177.5	 4.87595E+18
178.5	 4.86449E+18
179.5	 5.41529E+18
180.5	 5.22676E+18
181.5	 5.17114E+18
182.5	 5.03773E+18
183.5	 4.86966E+18
184.5	 4.48765E+18
185.5	 4.81874E+18
186.5	 4.91468E+18
187.5	 5.18956E+18
188.5	 5.13769E+18
189.5	 5.18262E+18
190.5	 4.99634E+18
191.5	 5.24581E+18
192.5	 5.32235E+18
193.5	 5.17355E+18
194.5	 5.54883E+18
195.5	 5.48994E+18
196.7	 5.80017E+18
197.6	 5.78062E+18
198.4	 5.62789E+18
199.5	 5.46685E+18
200.5	 5.45172E+18
201.5	 5.27313E+18
202.5	 5.33274E+18
203.5	 5.48437E+18
204.5	 5.77242E+18
205.5	 5.55541E+18
206.5	 5.49127E+18
207.4	 5.84547E+18
207.8	 5.96869E+18
208.5	 5.93192E+18
209.5	 5.73723E+18
210.5	 5.58172E+18
211.5	 5.63577E+18
212.5	 5.78571E+18
213.5	 5.00245E+18
214.5	 5.60145E+18
215.5	 5.71562E+18
216.5	 5.43781E+18
217.5	 5.38982E+18
218.5	 5.44748E+18
219.5	 5.84970E+18
220.5	 5.61540E+18
221.5	 5.20155E+18
222.5	 5.10674E+18
223.5	 5.74376E+18
224.5	 5.19075E+18
225.5	 5.10617E+18
226.5	 5.18340E+18
227.5	 5.51560E+18
228.5	 5.74714E+18
229.5	 5.43670E+18
230.5	 5.38060E+18
231.5	 5.18506E+18
232.5	 4.11605E+18
233.5	 4.90483E+18
234.5	 4.54292E+18
235.5	 5.27805E+18
236.5	 4.62552E+18
237.5	 4.97077E+18
238.5	 4.34924E+18
239.5	 4.87384E+18
240.5	 4.64121E+18
241.5	 4.81766E+18
242.5	 5.24563E+18
243.5	 5.01729E+18
244.5	 5.44607E+18
245.5	 5.25148E+18
246.5	 5.29957E+18
247.5	 5.07219E+18
248.5	 5.39580E+18
249.5	 5.21922E+18
250.5	 5.87448E+18
251.3	 5.21991E+18
251.8	 5.29720E+18
252.5	 4.95435E+18
253.5	 4.93729E+18
254.5	 4.97374E+18
255.5	 5.42810E+18
256.5	 5.40249E+18
257.5	 5.84120E+18
258.5	 5.85132E+18
259.5	 5.74213E+18
260.5	 5.52545E+18
261.5	 5.49295E+18
262.5	 5.93292E+18
263.5	 5.98315E+18
264.5	 6.70750E+18
265.5	 6.65796E+18
266.5	 6.15156E+18
267.5	 6.46337E+18
268.5	 6.45617E+18
269.5	 6.20280E+18
270.5	 6.40909E+18
271.5	 6.10567E+18
272.5	 6.19885E+18
273.5	 6.69695E+18
274.5	 5.68830E+18
275.5	 5.81340E+18
276.5	 6.08689E+18
277.5	 6.49515E+18
278.5	 6.23176E+18
279.5	 4.04368E+18
280.5	 4.70209E+18
281.5	 6.71539E+18
282.5	 6.95738E+18
283.5	 6.73856E+18
284.5	 6.53165E+18
285.5	 6.42557E+18
286.5	 6.87426E+18
287.5	 6.71238E+18
288.5	 6.88733E+18
289.5	 6.67377E+18
291.0	 7.39736E+18
293.0	 7.18772E+18
295.0	 7.23786E+18
297.0	 7.36876E+18
299.0	 7.50208E+18
301.0	 7.70414E+18
303.0	 7.68403E+18
305.0	 7.70829E+18
307.0	 7.71322E+18
309.0	 7.88359E+18
311.0	 7.77284E+18
313.0	 7.83188E+18
315.0	 7.97304E+18
317.0	 7.98240E+18
319.0	 7.76670E+18
321.0	 8.01765E+18
323.0	 7.93387E+18
325.0	 8.07733E+18
327.0	 8.19871E+18
329.0	 8.30012E+18
331.0	 8.40897E+18
333.0	 8.33994E+18
335.0	 8.30772E+18
337.0	 8.37753E+18
339.0	 8.36726E+18
341.0	 8.54954E+18
343.0	 8.59201E+18
345.0	 8.62206E+18
347.0	 8.59493E+18
349.0	 8.63484E+18
351.0	 8.78337E+18
353.0	 8.85737E+18
355.0	 8.93344E+18
357.0	 8.86194E+18
359.0	 8.89035E+18
361.0	 8.93300E+18
363.0	 8.99320E+18
364.0	 8.99217E+18
365.0	 9.25044E+18
367.0	 9.00541E+18
369.0	 8.31050E+18
371.0	 9.36534E+18
373.0	 9.87863E+18
375.0	 1.28241E+19
377.0	 1.36270E+19
379.0	 1.73323E+19
381.0	 2.06669E+19
383.0	 1.62170E+19
385.0	 2.32814E+19
387.0	 2.67182E+19
389.0	 1.44013E+19
391.0	 2.69436E+19
393.0	 2.58698E+19
395.0	 2.70759E+19
397.0	 1.40353E+19
399.0	 2.66120E+19
401.0	 2.97249E+19
403.0	 2.98571E+19
405.0	 2.98255E+19
407.0	 2.86507E+19
409.0	 2.22663E+19
411.0	 1.68411E+19
413.0	 2.76273E+19
415.0	 2.92337E+19
417.0	 2.92514E+19
419.0	 2.91638E+19
421.0	 2.91180E+19
423.0	 2.87911E+19
425.0	 2.87063E+19
427.0	 2.82611E+19
429.0	 2.83240E+19
431.0	 2.68173E+19
433.0	 2.00552E+19
435.0	 1.70611E+19
437.0	 2.67298E+19
439.0	 2.74589E+19
441.0	 2.76117E+19
443.0	 2.75738E+19
445.0	 2.77825E+19
447.0	 2.75998E+19
449.0	 2.72266E+19
451.0	 2.74578E+19
453.0	 2.71962E+19
455.0	 2.67910E+19
457.0	 2.71823E+19
459.0	 2.68287E+19
461.0	 2.71177E+19
463.0	 2.66467E+19
465.0	 2.68547E+19
467.0	 2.67081E+19
469.0	 2.63266E+19
471.0	 2.57469E+19
473.0	 2.63535E+19
475.0	 2.62641E+19
477.0	 2.61163E+19
479.0	 2.59364E+19
481.0	 2.55378E+19
483.0	 2.45409E+19
485.0	 1.88967E+19
487.0	 1.52026E+19
489.0	 2.36217E+19
491.0	 2.49118E+19
493.0	 2.48701E+19
495.0	 2.50630E+19
497.0	 2.51298E+19
499.0	 2.48838E+19
501.0	 2.44653E+19
503.0	 2.46580E+19
505.0	 2.43655E+19
507.0	 2.45610E+19
509.0	 2.44593E+19
511.0	 2.43524E+19
513.0	 2.42352E+19
515.0	 2.40281E+19
517.0	 2.36938E+19
519.0	 2.36468E+19
521.0	 2.37531E+19
523.0	 2.35003E+19
525.0	 2.36778E+19
527.0	 2.32117E+19
529.0	 2.34876E+19
531.0	 2.32302E+19
533.0	 2.31182E+19
535.0	 2.32522E+19
537.0	 2.30824E+19
539.0	 2.30084E+19
541.0	 2.28216E+19
543.0	 2.28061E+19
545.0	 2.27961E+19
547.0	 2.26963E+19
549.0	 2.26396E+19
551.0	 2.25575E+19
553.0	 2.24347E+19
555.0	 2.24071E+19
557.0	 2.22831E+19
559.0	 2.22231E+19
561.0	 2.21700E+19
563.0	 2.20999E+19
565.0	 2.19924E+19
567.0	 2.18940E+19
569.0	 2.18460E+19
571.0	 2.17652E+19
573.0	 2.17237E+19
575.0	 2.16069E+19
577.0	 2.15393E+19
579.0	 2.14413E+19
581.0	 2.13761E+19
583.0	 2.13047E+19
585.0	 2.12266E+19
587.0	 2.11022E+19
589.0	 2.09178E+19
591.0	 2.09862E+19
593.0	 2.09151E+19
595.0	 2.07988E+19
597.0	 2.07527E+19
599.0	 2.06272E+19
601.0	 2.05733E+19
603.0	 2.05207E+19
605.0	 2.04465E+19
607.0	 2.03955E+19
609.0	 2.03085E+19
611.0	 2.02237E+19
613.0	 2.01245E+19
615.0	 1.98638E+19
617.0	 1.99814E+19
619.0	 1.99477E+19
621.0	 1.98825E+19
623.0	 1.97865E+19
625.0	 1.95760E+19
627.0	 1.96728E+19
629.0	 1.96046E+19
631.0	 1.94912E+19
633.0	 1.94508E+19
635.0	 1.91848E+19
637.0	 1.91829E+19
639.0	 1.92366E+19
641.0	 1.91253E+19
643.0	 1.90909E+19
645.0	 1.89050E+19
647.0	 1.89314E+19
649.0	 1.87513E+19
651.0	 1.85925E+19
653.0	 1.80784E+19
655.0	 1.55741E+19
657.0	 1.24798E+19
659.0	 1.73052E+19
661.0	 1.81813E+19
663.0	 1.83307E+19
665.0	 1.83410E+19
667.0	 1.83028E+19
669.0	 1.82678E+19
671.0	 1.82182E+19
673.0	 1.81351E+19
675.0	 1.80866E+19
677.0	 1.80439E+19
679.0	 1.79804E+19
681.0	 1.79238E+19
683.0	 1.78506E+19
685.0	 1.77922E+19
687.0	 1.77408E+19
689.0	 1.76848E+19
691.0	 1.76249E+19
693.0	 1.75636E+19
695.0	 1.75052E+19
697.0	 1.74492E+19
699.0	 1.73954E+19
701.0	 1.72938E+19
703.0	 1.72658E+19
705.0	 1.72109E+19
707.0	 1.71625E+19
709.0	 1.71118E+19
711.0	 1.69268E+19
713.0	 1.69693E+19
715.0	 1.69219E+19
717.0	 1.68753E+19
719.0	 1.68141E+19
721.0	 1.67679E+19
723.0	 1.66995E+19
725.0	 1.66423E+19
727.0	 1.66113E+19
729.0	 1.65418E+19
731.0	 1.64883E+19
733.0	 1.64472E+19
735.0	 1.64032E+19
737.0	 1.63536E+19
739.0	 1.62878E+19
741.0	 1.61771E+19
743.0	 1.61332E+19
745.0	 1.61053E+19
747.0	 1.60118E+19
749.0	 1.59997E+19
751.0	 1.59693E+19
753.0	 1.59312E+19
755.0	 1.58954E+19
757.0	 1.58390E+19
759.0	 1.57901E+19
761.0	 1.57439E+19
763.0	 1.56958E+19
765.0	 1.56331E+19
767.0	 1.55745E+19
769.0	 1.55407E+19
771.0	 1.54708E+19
773.0	 1.54503E+19
775.0	 1.53978E+19
777.0	 1.50513E+19
779.0	 1.53167E+19
781.0	 1.52637E+19
783.0	 1.52037E+19
785.0	 1.51324E+19
787.0	 1.50562E+19
789.0	 1.49868E+19
791.0	 1.49979E+19
793.0	 1.49666E+19
795.0	 1.48625E+19
797.0	 1.48951E+19
799.0	 1.46991E+19
801.0	 1.47946E+19
803.0	 1.47459E+19
805.0	 1.47067E+19
807.0	 1.46622E+19
809.0	 1.46161E+19
811.0	 1.45775E+19
813.0	 1.45387E+19
815.0	 1.44937E+19
817.0	 1.44520E+19
819.0	 1.43273E+19
821.0	 1.43749E+19
823.0	 1.43215E+19
825.0	 1.43255E+19
827.0	 1.43745E+19
829.0	 1.43119E+19
831.0	 1.42580E+19
833.0	 1.40923E+19
835.0	 1.40198E+19
837.0	 1.38940E+19
839.0	 1.36935E+19
841.0	 1.35265E+19
843.0	 1.34115E+19
845.0	 1.33079E+19
847.0	 1.29556E+19
849.0	 1.35459E+19
851.0	 1.26458E+19
853.0	 1.38333E+19
855.0	 1.19354E+19
857.0	 1.43250E+19
859.0	 1.28918E+19
861.0	 1.26025E+19
863.0	 1.47610E+19
865.0	 1.38054E+19
867.0	 1.12435E+19
869.0	 1.42830E+19
871.0	 1.51499E+19
873.0	 1.42757E+19
875.0	 1.10841E+19
877.0	 1.35748E+19
879.0	 1.51388E+19
881.0	 1.53255E+19
883.0	 1.48465E+19
885.0	 1.29980E+19
887.0	 1.09511E+19
889.0	 1.41975E+19
891.0	 1.50540E+19
893.0	 1.52242E+19
895.0	 1.52935E+19
897.0	 1.50323E+19
899.0	 1.41760E+19
901.0	 1.10500E+19
903.0	 1.22156E+19
905.0	 1.43927E+19
907.0	 1.46932E+19
909.0	 1.47119E+19
911.0	 1.49582E+19
913.0	 1.49838E+19
915.0	 1.49499E+19
917.0	 1.47704E+19
919.0	 1.43561E+19
921.0	 1.31376E+19
923.0	 1.00968E+19
925.0	 1.26815E+19
927.0	 1.38270E+19
929.0	 1.44935E+19
931.0	 1.45962E+19
933.0	 1.45894E+19
935.0	 1.45820E+19
937.0	 1.45511E+19
939.0	 1.44230E+19
941.0	 1.42169E+19
943.0	 1.43698E+19
945.0	 1.43180E+19
947.0	 1.42232E+19
949.0	 1.40530E+19
951.0	 1.36296E+19
953.0	 1.22637E+19
955.0	 9.76857E+18
957.0	 1.25056E+19
959.0	 1.35690E+19
961.0	 1.37811E+19
963.0	 1.37218E+19
965.0	 1.38988E+19
967.0	 1.37891E+19
969.0	 1.38315E+19
971.0	 1.38423E+19
973.0	 1.37956E+19
975.0	 1.37432E+19
977.0	 1.37213E+19
979.0	 1.36789E+19
981.0	 1.36317E+19
983.0	 1.35692E+19
985.0	 1.35108E+19
987.0	 1.34743E+19
989.0	 1.33690E+19
991.0	 1.33894E+19
993.0	 1.33257E+19
995.0	 1.32831E+19
997.0	 1.32153E+19
999.0	 1.30665E+19
1002.5	 1.17436E+19
1007.5	 1.12312E+19
1012.5	 1.27835E+19
1017.5	 1.28795E+19
1022.5	 1.28297E+19
1027.5	 1.27412E+19
1032.5	 1.26420E+19
1037.5	 1.25562E+19
1042.5	 1.24688E+19
1047.5	 1.23320E+19
1052.5	 1.22546E+19
1057.5	 1.21869E+19
1062.5	 1.21067E+19
1067.5	 1.18853E+19
1072.5	 1.18812E+19
1077.5	 1.18210E+19
1082.5	 1.17077E+19
1087.5	 1.14576E+19
1092.5	 9.59836E+18
1097.5	 1.06340E+19
1102.5	 1.13562E+19
1107.5	 1.13691E+19
1112.5	 1.13050E+19
1117.5	 1.12344E+19
1122.5	 1.11638E+19
1127.5	 1.09598E+19
1132.5	 1.09015E+19
1137.5	 1.09234E+19
1142.5	 1.08380E+19
1147.5	 1.07969E+19
1152.5	 1.07287E+19
1157.5	 1.06544E+19
1162.5	 1.05342E+19
1167.5	 1.04290E+19
1172.5	 1.04492E+19
1177.5	 1.02666E+19
1182.5	 1.02658E+19
1187.5	 1.01754E+19
1192.5	 1.01862E+19
1197.5	 1.00740E+19
1202.5	 1.00458E+19
1207.5	 9.96498E+18
1212.5	 9.90774E+18
1217.5	 9.86000E+18
1222.5	 9.79398E+18
1227.5	 9.72329E+18
1232.5	 9.66443E+18
1237.5	 9.60928E+18
1242.5	 9.55866E+18
1247.5	 9.47847E+18
1252.5	 9.43476E+18
1257.5	 9.33779E+18
1262.5	 9.29738E+18
1267.5	 9.24476E+18
1272.5	 9.13887E+18
1277.5	 8.76556E+18
1282.5	 7.51206E+18
1287.5	 8.75674E+18
1292.5	 8.93241E+18
1297.5	 8.91929E+18
1302.5	 8.87913E+18
1307.5	 8.83011E+18
1312.5	 8.77551E+18
1317.5	 8.70067E+18
1322.5	 8.67481E+18
1327.5	 8.62298E+18
1332.5	 8.57076E+18
1337.5	 8.52115E+18
1342.5	 8.47027E+18
1347.5	 8.41688E+18
1352.5	 8.36116E+18
1357.5	 8.31253E+18
1362.5	 8.27280E+18
1367.5	 8.21874E+18
1372.5	 8.14852E+18
1377.5	 8.12726E+18
1382.5	 8.07982E+18
1387.5	 8.04091E+18
1392.5	 7.98410E+18
1397.5	 7.94688E+18
1402.5	 7.90282E+18
1407.5	 7.85884E+18
1412.5	 7.81202E+18
1417.5	 7.77058E+18
1422.5	 7.72440E+18
1427.5	 7.67991E+18
1432.5	 7.63861E+18
1437.5	 7.59942E+18
1442.5	 7.48939E+18
1447.5	 7.51232E+18
1452.5	 7.43696E+18
1457.0	 7.43362E+18
1462.0	 7.40464E+18
1467.5	 7.37323E+18
1472.5	 7.33115E+18
1477.5	 7.27555E+18
1482.5	 7.25055E+18
1487.5	 7.19290E+18
1492.5	 7.17856E+18
1497.5	 7.11707E+18
1502.5	 7.06066E+18
1507.5	 6.99894E+18
1512.5	 6.95350E+18
1517.5	 6.89197E+18
1522.5	 6.85076E+18
1527.5	 6.78135E+18
1532.5	 6.72345E+18
1537.5	 6.74382E+18
1542.5	 6.58652E+18
1547.5	 6.67942E+18
1552.5	 6.63698E+18
1557.5	 6.40099E+18
1562.5	 6.74463E+18
1567.5	 6.44516E+18
1572.5	 6.27395E+18
1577.5	 6.68413E+18
1582.5	 6.61172E+18
1587.5	 5.96896E+18
1592.5	 6.40273E+18
1597.5	 6.66475E+18
1605.0	 6.42936E+18
1615.0	 6.07634E+18
1625.0	 6.50652E+18
1635.0	 6.20053E+18
1645.0	 5.86966E+18
1655.0	 6.32367E+18
1665.0	 6.26930E+18
1675.0	 5.94018E+18
1685.0	 5.61306E+18
1695.0	 6.07315E+18
1705.0	 6.03153E+18
1715.0	 5.97600E+18
1725.0	 5.85330E+18
1735.0	 5.20875E+18
1745.0	 5.65450E+18
1755.0	 5.72342E+18
1765.0	 5.67669E+18
1775.0	 5.63048E+18
1785.0	 5.57361E+18
1795.0	 5.52371E+18
1805.0	 5.41812E+18
1815.0	 4.87735E+18
1825.0	 5.17847E+18
1835.0	 5.30167E+18
1845.0	 5.26359E+18
1855.0	 5.20265E+18
1865.0	 5.11003E+18
1875.0	 4.58021E+18
1885.0	 4.99196E+18
1895.0	 5.00885E+18
1905.0	 4.98180E+18
1915.0	 4.93541E+18
1925.0	 4.88214E+18
1935.0	 4.77539E+18
1945.0	 4.28409E+18
1955.0	 4.69046E+18
1965.0	 4.71130E+18
1975.0	 4.67222E+18
1985.0	 4.63573E+18
1995.0	 4.59534E+18
2005.0	 4.55519E+18
2015.0	 4.51617E+18
2025.0	 4.47622E+18
2035.0	 4.43562E+18
2045.0	 4.39971E+18
2055.0	 4.36148E+18
2065.0	 4.32189E+18
2075.0	 4.28587E+18
2085.0	 4.25023E+18
2095.0	 4.21538E+18
2105.0	 4.17963E+18
2115.0	 4.13886E+18
2125.0	 4.10448E+18
2135.0	 4.06981E+18
2145.0	 4.03410E+18
2155.0	 3.95902E+18
2165.0	 3.57612E+18
2175.0	 3.86166E+18
2185.0	 3.90069E+18
2195.0	 3.87919E+18
2205.0	 3.84718E+18
2215.0	 3.81433E+18
2225.0	 3.78804E+18
2235.0	 3.75712E+18
2245.0	 3.72852E+18
2255.0	 3.69810E+18
2265.0	 3.66922E+18
2275.0	 3.64255E+18
2285.0	 3.61802E+18
2295.0	 3.59005E+18
2305.0	 3.56383E+18
2315.0	 3.53654E+18
2325.0	 3.51050E+18
2335.0	 3.48342E+18
2345.0	 3.45703E+18
2355.0	 3.42986E+18
2365.0	 3.40251E+18
2375.0	 3.37343E+18
2385.0	 3.34521E+18
2395.0	 3.31643E+18
2405.0	 3.28767E+18
2415.0	 3.25800E+18
2425.0	 3.23353E+18
2435.0	 3.20662E+18
2445.0	 3.17480E+18
2455.0	 3.16280E+18
2465.0	 3.12490E+18
2475.0	 3.10638E+18
2485.0	 3.10781E+18
2495.0	 3.02036E+18
2505.0	 3.11372E+18
2515.0	 3.06018E+18
2525.0	 2.93452E+18
2535.0	 2.99791E+18
2545.0	 3.00895E+18
2555.0	 2.95097E+18
2565.0	 2.82085E+18
2575.0	 2.92240E+18
2585.0	 2.92993E+18
2595.0	 2.90572E+18
2605.0	 2.82058E+18
2615.0	 2.68849E+18
2625.0	 2.57054E+18
2635.0	 2.77087E+18
2645.0	 2.80852E+18
2655.0	 2.79127E+18
2665.0	 2.73381E+18
2675.0	 2.56065E+18
2685.0	 2.69799E+18
2695.0	 2.72246E+18
2705.0	 2.71121E+18
2715.0	 2.69520E+18
2725.0	 2.67625E+18
2735.0	 2.65340E+18
2745.0	 2.61322E+18
2755.0	 2.43481E+18
2765.0	 2.50729E+18
2775.0	 2.57500E+18
2785.0	 2.57036E+18
2795.0	 2.55606E+18
2805.0	 2.53952E+18
2815.0	 2.52318E+18
2825.0	 2.50655E+18
2835.0	 2.49002E+18
2845.0	 2.47053E+18
2855.0	 2.44578E+18
2865.0	 2.36856E+18
2875.0	 2.22547E+18
2885.0	 2.37839E+18
2895.0	 2.38863E+18
2905.0	 2.38031E+18
2915.0	 2.36398E+18
2925.0	 2.35146E+18
2935.0	 2.33710E+18
2945.0	 2.32260E+18
2955.0	 2.30827E+18
2965.0	 2.29328E+18
2975.0	 2.27917E+18
2985.0	 2.26549E+18
2995.0	 2.25065E+18
3005.0	 2.23636E+18
3015.0	 2.21864E+18
3025.0	 2.18827E+18
3035.0	 2.04411E+18
3045.0	 2.07805E+18
3055.0	 2.15419E+18
3065.0	 2.15379E+18
3075.0	 2.14349E+18
3085.0	 2.12969E+18
3095.0	 2.11864E+18
3105.0	 2.10599E+18
3115.0	 2.09274E+18
3125.0	 2.08037E+18
3135.0	 2.06859E+18
3145.0	 2.05628E+18
3155.0	 2.04549E+18
3165.0	 2.03238E+18
3175.0	 2.02067E+18
3185.0	 2.00954E+18
3195.0	 1.99820E+18
3210.0	 1.98074E+18
3230.0	 1.95796E+18
3250.0	 1.93500E+18
3270.0	 1.90866E+18
3290.0	 1.78714E+18
3310.0	 1.83379E+18
3330.0	 1.84415E+18
3350.0	 1.82654E+18
3370.0	 1.80560E+18
3390.0	 1.78688E+18
3410.0	 1.76791E+18
3430.0	 1.74949E+18
3450.0	 1.73124E+18
3470.0	 1.71229E+18
3490.0	 1.69403E+18
3510.0	 1.67569E+18
3530.0	 1.65776E+18
3550.0	 1.63963E+18
3570.0	 1.62096E+18
3590.0	 1.60628E+18
3610.0	 1.58560E+18
3630.0	 1.57415E+18
3650.0	 1.55054E+18
3670.0	 1.54476E+18
3690.0	 1.51299E+18
3710.0	 1.51013E+18
3730.0	 1.45660E+18
3750.0	 1.41681E+18
3770.0	 1.46754E+18
3790.0	 1.45868E+18
3810.0	 1.42395E+18
3830.0	 1.41342E+18
3850.0	 1.41867E+18
3870.0	 1.40508E+18
3890.0	 1.38216E+18
3910.0	 1.34017E+18
3930.0	 1.36190E+18
3950.0	 1.35368E+18
3970.0	 1.34181E+18
3990.0	 1.32851E+18
4010.0	 1.28917E+18
4030.0	 1.26877E+18
4050.0	 1.22761E+18
4070.0	 1.27213E+18
4090.0	 1.26731E+18
4110.0	 1.25685E+18
4130.0	 1.24464E+18
4150.0	 1.22596E+18
4170.0	 1.17227E+18
4190.0	 1.20269E+18
4210.0	 1.19987E+18
4230.0	 1.19052E+18
4250.0	 1.17992E+18
4270.0	 1.16997E+18
4290.0	 1.15965E+18
4310.0	 1.14890E+18
4330.0	 1.13858E+18
4350.0	 1.12512E+18
4370.0	 1.07412E+18
4390.0	 1.09090E+18
4410.0	 1.09847E+18
4430.0	 1.09047E+18
4450.0	 1.08162E+18
4470.0	 1.07697E+18
4490.0	 1.06852E+18
4510.0	 1.05952E+18
4530.0	 1.04999E+18
4550.0	 1.04118E+18
4570.0	 1.03238E+18
4590.0	 1.02361E+18
4610.0	 1.01440E+18
4630.0	 1.00056E+18
4650.0	 9.42681E+17
4670.0	 9.35898E+17
4690.0	 9.70170E+17
4710.0	 9.73058E+17
4730.0	 9.66713E+17
4750.0	 9.59077E+17
4770.0	 9.51715E+17
4790.0	 9.44469E+17
4810.0	 9.36974E+17
4830.0	 9.29372E+17
4850.0	 9.22381E+17
4870.0	 9.15229E+17
4890.0	 9.08075E+17
4910.0	 9.00715E+17
4930.0	 8.93843E+17
4950.0	 8.87023E+17
4970.0	 8.80317E+17
4990.0	 8.73510E+17
5010.0	 8.66732E+17
5030.0	 8.60420E+17
5050.0	 8.53559E+17
5070.0	 8.46876E+17
5090.0	 8.39574E+17
5110.0	 8.25409E+17
5130.0	 7.83962E+17
5150.0	 8.15722E+17
5170.0	 8.15225E+17
5190.0	 8.09957E+17
5210.0	 8.04068E+17
5230.0	 7.98317E+17
5250.0	 7.92700E+17
5270.0	 7.86907E+17
5290.0	 7.81438E+17
5310.0	 7.75754E+17
5330.0	 7.70133E+17
5350.0	 7.64656E+17
5370.0	 7.58859E+17
5390.0	 7.53652E+17
5410.0	 7.48513E+17
5430.0	 7.42942E+17
5450.0	 7.37770E+17
5470.0	 7.32454E+17
5490.0	 7.27595E+17
5510.0	 7.22628E+17
5530.0	 7.17421E+17
5550.0	 7.12435E+17
5570.0	 7.07709E+17
5590.0	 7.02393E+17
5610.0	 6.97586E+17
5630.0	 6.93179E+17
5650.0	 6.88524E+17
5670.0	 6.83776E+17
5690.0	 6.79284E+17
5710.0	 6.74912E+17
5730.0	 6.70150E+17
5750.0	 6.65800E+17
5770.0	 6.61315E+17
5790.0	 6.56655E+17
5810.0	 6.52499E+17
5830.0	 6.48191E+17
5850.0	 6.44914E+17
5870.0	 6.39752E+17
5890.0	 6.28858E+17
5910.0	 5.98231E+17
5930.0	 6.23297E+17
5950.0	 6.23536E+17
5970.0	 6.20266E+17
5990.0	 6.16399E+17
6010.0	 6.12551E+17
6030.0	 6.08891E+17
6050.0	 6.05008E+17
6070.0	 6.01041E+17
6090.0	 5.97123E+17
6110.0	 5.93342E+17
6130.0	 5.89883E+17
6150.0	 5.86056E+17
6170.0	 5.82595E+17
6190.0	 5.78786E+17
6210.0	 5.75313E+17
6230.0	 5.71398E+17
6250.0	 5.67985E+17
6270.0	 5.64435E+17
6290.0	 5.61223E+17
6310.0	 5.57544E+17
6330.0	 5.54134E+17
6350.0	 5.50771E+17
6370.0	 5.47669E+17
6390.0	 5.44203E+17
6420.0	 5.39485E+17
6460.0	 5.32935E+17
6500.0	 5.26587E+17
6540.0	 5.20548E+17
6580.0	 5.14276E+17
6620.0	 5.08314E+17
6660.0	 5.02349E+17
6700.0	 4.96635E+17
6740.0	 4.90881E+17
6780.0	 4.85254E+17
6820.0	 4.79851E+17
6860.0	 4.74429E+17
6900.0	 4.68882E+17
6940.0	 4.63737E+17
6980.0	 4.58565E+17
7020.0	 4.53543E+17
7060.0	 4.48626E+17
7100.0	 4.43852E+17
7140.0	 4.39010E+17
7180.0	 4.34174E+17
7220.0	 4.29475E+17
7260.0	 4.24975E+17
7300.0	 4.20441E+17
7340.0	 4.15889E+17
7380.0	 4.11469E+17
7420.0	 4.06220E+17
7460.0	 3.89433E+17
7500.0	 3.85153E+17
7540.0	 3.93486E+17
7580.0	 3.90633E+17
7620.0	 3.86881E+17
7660.0	 3.82992E+17
7700.0	 3.79234E+17
7740.0	 3.75276E+17
7780.0	 3.71807E+17
7820.0	 3.68136E+17
7860.0	 3.64490E+17
7900.0	 3.60925E+17
7940.0	 3.57358E+17
7980.0	 3.53836E+17
8020.0	 3.50395E+17
8060.0	 3.47009E+17
8100.0	 3.43790E+17
8140.0	 3.40407E+17
8180.0	 3.37176E+17
8220.0	 3.34077E+17
8260.0	 3.30923E+17
8300.0	 3.27814E+17
8340.0	 3.24608E+17
8380.0	 3.21605E+17
8420.0	 3.18623E+17
8460.0	 3.15790E+17
8500.0	 3.13029E+17
8540.0	 3.10028E+17
8580.0	 3.07296E+17
8620.0	 3.04468E+17
8660.0	 3.01851E+17
8700.0	 2.99168E+17
8740.0	 2.96423E+17
8780.0	 2.93873E+17
8820.0	 2.91117E+17
8860.0	 2.88562E+17
8900.0	 2.86048E+17
8940.0	 2.83654E+17
8980.0	 2.81095E+17
9020.0	 2.78740E+17
9060.0	 2.76383E+17
9100.0	 2.73906E+17
9140.0	 2.71616E+17
9180.0	 2.69363E+17
9220.0	 2.67046E+17
9260.0	 2.64866E+17
9300.0	 2.62621E+17
9340.0	 2.60418E+17
9380.0	 2.58247E+17
9420.0	 2.56142E+17
9460.0	 2.53962E+17
9500.0	 2.51910E+17
9540.0	 2.49732E+17
9580.0	 2.47854E+17
9620.0	 2.45774E+17
9660.0	 2.43855E+17
9700.0	 2.41870E+17
9740.0	 2.39854E+17
9780.0	 2.37973E+17
9820.0	 2.36027E+17
9860.0	 2.34203E+17
9900.0	 2.32395E+17
9940.0	 2.30549E+17
9980.0	 2.28664E+17
10020.0	 2.26880E+17
20000.0	 5.78416E+16
40000.0	 1.43913E+16
60000.0	 6.34198E+15
80000.0	 3.53949E+15
100000.0	 2.24970E+15
120000.0	 1.55285E+15
140000.0	 1.13473E+15
160000.0	 8.64613E+14
